#,Radio,Tv/Cable/Satlite,Live /Recorded,Total,Phono Mechanical,Synchronization,Private Copy,Reprint,Total,sale of Printed Music,Rental/Public Lending,Total,Intrest Investment Income,Misc,Grand Total
USA,291.8,317,203.1,811.9,691.49,156.72,0,0,848.21,316.05,0,316.05,28.6,1.7,2006.53
Germany,50.78,84.33,180.92,316.03,258.67,67.76,16.02,0,342.45,140.18,6.59,146.77,28.75,0,834.01
Japan,108.85,16.13,158.19,283.17,311.32,80.51,16.11,0,407.94,19.85,30.88,50.73,0.92,77.94,820.7
UK,60.34,64.43,125.93,250.72,195.85,124.64,0,0,320.49,69.19,0,69.19,11.94,14.24,666.58
France,23.04,122.15,174.57,319.76,105.78,50.75,17.01,0,173.53,58.26,0,58.26,26.92,22.75,601.22
Italy,14.53,79.27,167.31,261.11,51.63,20.74,2.74,0,75.45,21.81,0,21.81,0,0,358.37
Spain,8.54,42.31,18.76,69.61,55.63,58.63,10.29,0,124.57,0,1.67,1.67,11.31,0,207.16
Netherland,5.27,35.09,36.1,76.47,39.76,15.62,1.79,0,57.17,28.87,0,28.87,18.21,0,180.71
Canada,19.89,65.19,11.34,96.42,38.02,13.61,0,0,51.63,12.39,0,12.39,5.29,0,165.73
Switzerland,14.34,19.06,17.57,50.98,4.38,18.72,1.59,0,24.69,25.76,0.55,26.31,5.21,0,107.19
Australia/NZ,9.97,17.51,10.25,37.74,42.15,8.99,0,0,29.06,0,0,0,0,0,89.41
Argentina,16.66,49.98,0,66.64,14.39,9.57,0,0.77,51.91,0,0,0,1.33,0.06,91.03
Belgium,14.21,14.27,31.86,60.35,25.67,3.39,0,0,22.75,19.95,0,19.95,0.59,1.67,81.41
Sweden,6.85,14.59,15.02,36.45,22.75,0,0,0,52.85,0.03,0,0.03,0,0,77.12
Denmark,5.69,13.26,13.39,32.33,1.45,5.2,0,0,0,0,0,0,0.22,0,45.16
Brazil,7.08,11.04,26.1,44.95,0,0,0,0,8.68,4.7,0,0.7,1.29,0.43,40.87
Poland,8.79,14.25,6.49,29.53,7.51,0.08,1.09,0,8.56,4.7,0,4.7,1.29,0.43,40.87
Republic of Croatia,1.82,1.35,0.24,3.4,0.44,0.02,0,0,0,0,0,0,0,0,3.75
Mexico,1.4,20.41,2.43,24.24,40.82,12.01,0.03,0,57.2,0.03,0,0.03,0,0,86.12
Finland,8.02,8.3,9.56,25.89,7.38,0.51,0.67,0,9.6,0,0,0,4.08,0.03,42.2
Norway,6.56,5.53,7.61,19.7,12.3,0,0,0,18.51,0,0,0,0,0,39.71
Austria,0,0,0,0,8.31,5.79,2.08,0,23.46,10.04,0.06,10.1,2.64,0.66,36.85
Portugal,0.88,4.58,8.97,14.44,11.14,1.86,0,0,6.99,0.18,0.02,0.2,0,0,33.86
Greece,7.02,0,12.05,19.52,6.16,3.05,0,0,0,0,0,0,0.72,0,35.65
Hungary,1.01,5.79,7.36,14.16,1.94,0.76,2.07,0,7.99,0,0,0,0.61,0,18.6
South Korea,2.38,2.96,10.9,16.23,3.42,0.71,0.12,0,0.19,1.6,0,0.6,1.03,0.57,17.16
Ireland,3.98,9.24,10,23.23,0,0,0,0,12.27,4.7,0,4.7,1.87,0.62,57.03
Hong Kong,0.99,6.12,5.55,13.66,0.15,0.04,0,0,14.06,0,0,0,0,0,43.88
Russain Federation,0,3.5,0,3.5,0,0.03,0,0,1.82,0,0,0,0,0,4.29
Czech Republic,0.53,1.59,3.9,5.31,2.97,1.4,0.1,0,6.99,0.8,0.02,0.2,0,0,33.86
Venezuela,0.52,3.08,1.36,4.95,1.88,0,0,0,0.19,1.6,0,1.6,1.03,0.57,7.16
Chile,1.71,5.14,0,0,6.85,0.44,0.02,0,0,17.99,0,0,0.61,0,18.6
Isreal,0,0,0,0,2.64,3.3,0,0,0,0,0,0,0,0,5.94
South Africa,0,0,0,0,5.96,2.69,0,0,0,0,0,0,1.93,0,29.26
Slovak Republic,46,1.5,0.43,2.39,0.24,0,0.1,0,1.68,0,0,0,0,0,3.79
China,0,0,0.42,0.42,1.02,0.01,0,0.23,1.26,0,0,0,0,0,1.68
Turkey,0.39,2.96,0.01,3.36,2.19,0.04,0.01,0.1,6.41,0,0,0,0,0.1,14.1
Malaysia,0.43,0.3,1.55,2.42,0,0,0,0,0.88,0,0,0,0,0,3.13
Romania,0.45,1.04,0.78,2.27,0,0,0,0,0,0,0,0,0,0,1.92
Yugoslavia,0,0,0,0,0,0,0,0,0,0,0,0,0,0,0
Lithuania,0.08,0.54,0.2,0.81,0.04,0,0,0,0.14,0,0,0,0.02,0.01,0.67
Iceland,0.43,1.3,0,1.73,0.61,0,0,0,0,0,0,0,0,0,2.27
Philippines,0.09,0.12,0.04,0.26,0.02,0.05,0,0,0.07,0,0,0,0,0,0.11
Egypt,0,0,0,0,0.17,0.17,0,0,0,0,0,0,0.01,0,0.1
Zimbabwe,0.05,0.05,0.06,0.17,0,0,0,0,0,0,0,0,0,0,0.02
