#,Radio,Tv/Cable/Satlite,Live /Recorded,Total,Phono Mechanical,Synchronization,Private Copy,Reprint,Total,sale of Printed Music,Rental/Public Lending,Total,Intrest Investment Income,Misc,Grand Total
USA,317.17,381.09,216.4,914.66,552.7,102.31,0,0,655,331.85,0,331.85,37.1,1.8,1940.42
Germany,41.66,84.18,179.44,305.28,160.67,144.61,13.54,0,318.81,147.19,6.53,153.72,30.55,0,808.36
Japan,124.7,14.16,152.3,291.17,267.86,74.93,7.95,0,350.74,20.85,28.79,49.64,0.5,67.6,759.64
UK,64.15,61.31,134.65,260.11,271,50.74,0,0,321.75,72.65,0,72.65,8.05,7.17,669.73
France,26.91,125.4,168.71,320.8,96.04,50,20.54,0,166.58,61.17,0,61.17,0,0,548.55
Italy,12.16,76.14,168.71,257.01,51.42,20.52,1.98,0,73.93,22.9,0,22.9,0,0,353.83
Spain,9.24,42.89,18.37,70.51,51.27,56.48,6.69,0,114.43,0,2.15,2.15,9.68,0,196.77
Netherland,5.72,35.14,37.16,78.03,18.36,31.06,3.79,0,53.21,29.22,0,29.22,16.12,0,176.57
Canada,20.85,39.42,11.13,71.4,35.98,8.42,0,0,44.39,18.84,0,18.84,4.53,0,139.17
Switzerland,14.35,18.12,17.61,50.08,4.78,18.26,1.54,0.13,24.71,25.76,0.07,25.83,5.01,0,105.63
Australia/NZ,11.38,18.28,10.62,40.28,39.35,16.03,0,1.59,57.05,0,0,0,0.32,0.99,98.64
Argentina,15.47,46.4,0,61.86,17.97,0,0,0,17.97,0,0,0,9.63,0,89.47
Belgium,12.98,10.39,32.65,56.03,24.61,0.76,1.28,0,26.65,0,0,0,0,0,82.68
Sweden,5.91,12.95,14.03,32.89,21.4,0,0,0,21.4,20.95,0,20.95,2.72,1.48,79.44
Denmark,8.42,25.26,8.42,42.1,17.35,6.8,0,0,24.15,0,0,0,4.86,0,71.12
Brazil,7.98,16.92,26.8,51.71,0,0,0,0,0,0,0,0,0,0,51.71
Poland,7.99,19.84,5.91,33.74,7.68,0.03,0.97,0,8.68,0,0.07,0.07,6.5,0.03,49.03
Republic of Croatia,17.73,14.33,0.82,32.87,2.32,11.82,0,0,14.14,0.17,0,0.17,0,0,47.17
Mexico,1.64,7.08,4.17,12.89,28.4,3.98,0,0,32.38,0.03,0,0.03,0,0,45.3
Finland,8.73,7.91,9.58,26.21,6.94,0.47,0.92,0,8.3,4.94,0,4.94,1.6,0.24,40.88
Norway,7.74,8.13,1.9,17.79,11.57,0.69,0,0,12.25,0,0,0,1.74,0.17,31.95
Austria,0,0,0,0,8.36,5.31,2.11,0,15.78,10.54,0.04,10.58,1.73,0.65,28.73
Portugal,0.65,8.66,6.15,15.46,10.83,1.7,0,0,12.54,0,0,0,0,0,27.99
Greece,6.43,0,12.87,19.3,5.93,1.88,0.41,0,8.22,0,0,0,0,0,27.52
Hungary,1.1,14.34,1.64,17.09,2.33,0.87,2.6,0,5.8,0,0.01,0.1,2.02,0,24.92
South Korea,2.94,4.09,12.71,19.74,3.46,0.62,0.12,0,4.2,0.17,0.01,0.17,0,0,24.11
Ireland,3.53,8.54,9,21.08,0,0,0,0,0,0,0,0,0.48,0,21.55
Hong Kong,1.86,6.02,6.43,14.3,0.21,0.03,0,0,0.24,0,0,0,0.65,0.46,15.66
Russain Federation,0.26,2.95,6.14,10.35,0,0.3,0,0,0.3,0,0,0,0,0,10.65
Czech Republic,1.24,3.72,1.24,6.2,2.92,1.44,0,0.04,4.39,0,0,0,0,0,10.59
Venezuela,0.5,3.74,1.52,5.76,0.99,0,0,0,0.99,0,0,0,0,0.42,7.18
Chile,1.49,4.48,0,5.98,0.3,0,0,0,0.3,0,0,0,0.48,0,6.75
Isreal,0,0,0,0,3.18,3.05,0,0,6.68,0,0,0,0,0,6.68
South Africa,0,0,0,0,3.63,1.86,0,0,5.04,0,0,0,0,0,5.4
Slovak Republic,0.45,1.34,0.52,2.31,0.21,0.01,0.91,0,1.13,0,0,0,0.19,0.21,3.84
Singapore,1.23,2.47,0,3.7,0.02,0,0,0,0.02,0,0,0,0.08,0,3.8
China,0,0,1.08,1.08,0.71,1.41,0,0,2.12,0,0,0,0.1,0.1,3.39
Turkey,0.52,1.23,0.07,1.82,1.49,0,0,0,1.49,0,0,0,0,0,3.32
Malaysia,1.32,1.32,0,2.65,0,0,0,0,0,0,0,0,0.1,0,2.75
Romania,0,0,0,0,0.08,2.55,0.04,0,2.66,0,0,0,0,0,2.66
Yugoslavia,0,0.68,0.11,0.79,0.03,0,0,0,0.03,0,0,0,0.28,,1.1
Lithuania,0.08,0.64,0.16,0.88,0.05,0.01,0,0,0.05,0,0,0,0.02,0.01,0.96
Iceland,0,0,0,0,0.58,0,0,0,0.58,0,0,0,0,0,0.58
Philippines,0.11,0.1,0.02,0.24,0.03,0.06,0,0,0.09,0,0,0,0.02,0.01,0.35
Egypt,0,0,0,0,0.1,0.2,0,0,0.31,0,0,0,0,0,0.31
Zimbabwe,0.12,0.1,0,0.27,0,0,0,0,0,0,0,0.02,0,0,0.29
,,1129.76,1896.47,3176.37,1733.21,619.2,65.38,1.76,2419.55,767.21,37.66,804.87,144.4,81.35,0
,766.71,,,,,,,,,,,,,5871.33,0
